1645096454.54211
1645096581.54251
1645096603.54289
1645174954.56560
1645183310.57310
1645435296.61373
1645435674.61470
1645436794.61833
1645438591.62030
1645445304.62328
1645446798.62462
1645455495.62999
1645455712.63080
1645504234.63274
1645510181.63464
1645513604.63714
1645513638.63736
1645520882.64252
1645524820.64646
1645526673.64833
1645528791.65040
1645546116.66108
1645635474.67272
1645640307.67633
1645714497.72676
1645767796.72716
1645770234.73028
1645788106.73902
1645798667.74741
1645805791.74812
1645856979.74971
1645876429.76257
1645881670.76461
1646020991.77413
1646050360.80047
1646058011.80513
1646058606.80587
1646061914.80849
1646139935.83068
1646201044.83766
1646239337.86897
1646291138.87268
1646378988.90240
1646405073.92358
1646467505.93405
1646477103.94275
1646484805.94977
1646490711.95395
1646544567.95613
1646557992.96216
1646565558.96700
1646571171.97073
1646580124.97298
1646646016.97927
1646648629.98053
1646652710.98157
1646666403.98947
1646737359.99943
1646814365.103833
1646933510.116229
1646997423.121077
1647183156.128247
1647183631.128345
1647259739.133589
1647267520.135439
1647277618.135841
1647304338.136028
1647337758.140230
1647338150.140389
1647347833.142842
1647362205.144590
1647516999.155708
1647525353.157616
1647606017.161119
1647606025.161120
1647679669.164713
1647941054.172014
1647966812.174598
1648114732.180434
1648136939.182474
1648137819.182518
1648181384.183319
1648181500.183440
1648184856.183663
1648208592.186167
1648454742.191226
1648550796.194780
1648572011.195938
1648630701.197291
1648640664.198144
1648743741.202363
1648746489.202439
1648796582.202725
1648807780.203579
1648883150.204620
1648992212.206407
1649059065.207194
1649059089.207218
1649154125.210603
1649155459.210875
1649181213.212015
1649181677.212176
1649348047.217105
1649439129.219638
1649487132.219713
1649497751.220301
1649509977.220611
1649736963.223616
1649750184.224557
1649841455.227564
1649957123.231681
1649999580.231926
1650024174.233684
1650026144.233819
1650090476.234315
1650128938.234932
1650137013.235133
1650269737.237021
1650269764.237069
1650272551.237343
1650347655.239481
1650367952.241571
1650380734.242617
1650448109.244650
1650461467.246288
1650474093.246613
1651214182.266258
1651215819.266403
1651226519.267421
1651236911.268630
1651308716.270019
1651315263.270308
1651317662.270498
1651318167.270722
1651324701.270903
1651335956.271383
1651382963.271464
1651385824.271665
1651387946.271913
1651388179.272034
1651388336.272195
1651388470.272436
1651388565.272518
1651388831.272932
1651389128.274138
1651389129.274139
1651391185.274597
1651393475.274838
1651394555.274959
1651394846.275080
1651395305.275201
1651395716.275819
1651395677.275762
1651397305.276282
1651397728.276403
1651397884.276564
1651398364.276750
1651398316.276685
1651400281.277165
1651401788.277326
1651405687.277694
1651406208.277778
1651412967.279099
1651414690.279340
1651481668.280147
1651483760.280166
1651570878.280771
1651574344.280787
1651592493.281093
1651648355.281506
1651655737.282019
1651655783.282118
1651681122.283416
1651816504.285422
1651908703.286922
1651937176.287576
1652024148.288061
1652077208.288206
1652077537.288252
1652077840.288298
1652078722.288404
1652080203.288480
1652082894.288632
1652084365.288858
1652085123.289054
1652085310.289115
1652086007.289447
1652085533.289161
1652086640.289673
1652087066.289704
1652087214.289735
1652088113.289901
1652088184.289947
1652092037.290086
1652095381.290147
1652095631.290283
1652097521.290329
1652097656.290405
1652097729.290436
1652100346.290455
1652104967.290501
1652105184.290532
1652105959.290593
1652106452.290624
1652107568.290688
1652109779.290704
1652195113.291996
1652196786.292272
1652271741.294408
1652276312.294735
1652285560.294949
1652371092.297762
1652373823.297804
1652434465.299154
1652539985.301799
1652720488.305550
1652781111.307233
1652785588.307625
1652803392.308867
1652886257.311804
1652888004.312307
1652888521.312533
1652888682.312671
1652944757.313210
1652945382.313314
1652946358.313913
1653033069.316816
1653114632.318877
1653125311.319455
1653138672.319924
1653304640.322508
1653380843.323902
1653384375.324216
1653406690.325385
1653406819.325506
1653477647.327256
1653647017.1050
1653911314.4353
1653979441.5277
1654060545.6787
1654060555.6808
1654060564.6829
1654060585.6863
1654060720.6911
1654061167.6956
1654061887.6998
1654258584.12258
1654334601.13289
1654579856.17040
1654587947.17626
1654593006.17976
1654596746.18134
1654687807.20770
1654782042.23777
1654784774.23938
1654863129.25696
1655115169.28210
1655121910.28392
1655134365.28572
1655196354.29714
1655214809.31747
1655277156.32940
1655542526.41906
1655635293.43267
1655638022.43347
1655808833.46981
1655882898.48412
1655969956.50732
1655995084.52582
1656141173.54858
1656155146.55509
1656166681.55854
1656167454.56061
1656251681.56484
1656401070.59350
1656515663.64013
1656589591.66460
1656743343.69672
1656748033.69840
1656753139.69927
1656753395.70236
1656756645.70511
1656757593.70654
1656757671.70715
1656757813.70837
1656824742.71057
1656824890.71118
1656825266.71299
1657095334.77933
1657171370.79740
1657264581.82969
1657277073.83525
1657354267.84487
1657369180.84836
1657371754.85287
1657373726.85515
1657373767.85551
1657374623.86085
1657375135.86139
1657378497.86340
1657452144.87013
1657547388.90101
1657617057.91815
1657625934.92884
1657638508.93652
1657702546.94832
1658126981.103962
1658243083.108385
1658303344.109575
1658319730.110851
1658408314.113686
1658494760.115770
1658566426.116703
1658569883.116812
1658646638.117835
1658849993.123497
1658996798.127522
1659020831.128931
1659170407.131999
1659260260.132753
1659450368.137710
1659450765.137764
1659514733.139025
1659605748.141431
1659614059.142246
1659616744.142537
1659616848.142638
1659768252.145280
1659884432.147083
1660044646.151253
1660117795.152519
1660117816.152620
1660130748.153821
1660217431.156542
1660222752.157128
1660309720.160083
1660393302.161421
1660575738.164754
1660629456.165200
1660721163.168177
1660803973.170641
1660979988.175656
1661063017.176814
1661154621.178230
1661165161.179376
1661181734.180488
1661237343.180968
1661241382.181308
1661332773.185561
1661335435.185826
1661506323.190873
1661525238.192329
1661579130.192497
1661598582.193354
1661604740.193482
1661779529.196549
1661780833.196639
1662019275.202961
1662190744.208149
1662290636.209158
1662368454.210418
1662380164.211281
1662380196.211310
1662390620.212322
1662391969.212370
1662392351.212397
1662471260.214698
1662479952.215364
1662561759.218453
1662564269.218676
1662625440.219481
1662626044.219974
1662703658.221980
1662787782.223808
1662806029.224407
1662816063.224552
1662883535.423
1662883898.500
1662884576.536
1662968232.1367
1662972299.2023
1663399873.14517
1663400721.14569
1663750889.23558
1663773847.24989
1663931975.29552
1663943035.30154
1664113682.31496
1664291530.36184
1664350724.37029
1664430140.39894
1664440749.40751
1664524392.43199
1664550009.45315
1664615559.46490
1664616781.46930
1664619313.47159
1664786399.50972
1664800397.52007
1664867526.53317
1664877817.54458
1664881229.54826
1664885157.55334
1665048152.60490
1665068560.62173
1665309106.67151
1665409401.70244
1665491421.72847
1665564346.74709
1665565793.74831
1665566334.74915
1665568137.75028
1665662051.78579
1665740092.80476
1665741425.80623
1665752090.81924
1665992854.85111
1666088134.89372
1666088354.89403
1666089818.89736
1666172419.1126
1666181377.1923
1666337055.6311
1666514673.9087
1666678521.12410
1666692682.13617
1666710391.15740
1666768519.16291
1666769145.16494
1666769908.16561
1666851010.19420
1666873417.21645
1666948866.23427
1666954892.24103
1666959185.24338
1666967143.24899
1667040789.25696
1667046111.25955
1667223732.30200
1667300648.32565
1667377473.34792
1667460647.37062
1667460982.37169
1667475126.38574
1667483232.39257
1667488651.39574
1667539463.39650
1667541221.39783
1667541286.39883
1667541488.39983
1667541559.40050
1667558226.41562
1667575073.42570
1667625096.42679
1667645052.43336
1668169162.58194
1668178716.59017
1668179921.59138
1668182180.59238
1668229835.59437
1668233942.59788
1668251317.61215
1668251560.61241
1668261696.61548
1668419740.63782
1668425280.64428
1668425653.64481
1668429733.64935
1668432788.65293
1668502405.66743
1668518314.68032
1668518390.68066
1668583147.68914
1668603842.71390
1668843070.76898
1668843329.76962
1668848582.77289
1668854065.77560
1668855671.77852
1668855742.77915
1668866094.78460
1668868036.79125
1668869322.79248
1668939816.439
1669024383.2609
1669110733.1720
1669195695.5048
1669289109.8815
1669458287.13291
1669464879.13637
1669465364.13703
1669467673.13865
1669548630.14986
1669619216.15692
1669633446.17553
1669650558.18832
1669704915.399
1669718742.1891
1669734346.3327
1669790882.3987
1669810572.6187
1669812702.6620
1669880265.8146
1669882541.8323
1669885032.8580
1669885320.8659
1669885363.8801
1669885421.8840
1669900261.10387
1669904654.10869
1669959299.11061
1669966257.11469
1669993742.13378
1670060892.14471
1670061967.14768
1670134948.15660
1670165376.16407
1670165911.16573
1670228003.17777
1670229388.18243
1670234416.18683
1670314062.21207
1670342431.23522
1670342457.23556
1670829436.39028
1670837544.40118
1670845157.40990
1672046563.79463
1672293559.89480
1672298816.90052
1672302313.90689
1672303814.91022
1672304534.91236
1672325447.92447
======================================
1672733337.99411
1672735521.99519
1672747391.99869
1672751475.100159
1672758595.100262
1672758683.100379
1672759363.100467
1672724728.99192
1672749471.99989
1672811551.3
1672816146.185
1672822001.772
1672827654.1179
1672828259.1327
1672845021.1823
1672897297.2167
1672898530.2369
1672906075.2719
1672906128.2754
1672990123.3677
1672991721.3851
1672995004.4657
1672995039.4702
1672995125.4918
1672996044.5331
1673009055.6023
1673014363.6315
1673017425.6359
1673067650.6491
1673068010.6922
1673175371.7681
1673179413.7832
1673262652.9856
1673331623.11185
1673368023.13554
1673435874.15963
1673436233.16031
1673438095.16511
1673439028.16601
1673439684.16734
1673439987.16766
1673501180.17633
1673517828.18922
1673594194.20796
1673594248.20832
1673604712.21709
1673611417.22525
1673689042.24194
1673690280.24832
1673690788.25046
1673691020.25212
1673691129.25353
1673691250.25494
1673693296.25678
1673693613.25856
1673694812.26261
1673696660.26523
1673708604.27231
1673708972.27617
1673776485.28233
1673795369.29291
1673853212.29938
1673854359.30212
1673859390.30948
1673860130.31037
1673862693.31299
1673863057.31378
1673872675.32077
1673881991.33058
1673883923.33173
1673884961.33345
1673890627.33376
1673890946.33827
1673963173.35207
1674019852.35467
1674465658.42825
1674553482.45926
1674574605.47524
1674628542.47925
1674638254.49091
1674639281.49172
1674722880.51930
1674806443.54200
1674808150.54313
1674812691.54619
1674832744.55939
1675065300.58658
1675074298.59082
1675089754.60357
1675141381.60697
1675159039.61823
1675159532.61880
1675243800.64196
1675324063.66582
1675415182.69878
1675437647.71370
1675439205.71449
1675491172.71526
1675514778.72080
1675517014.72199
1675579493.72358
1675588932.72596
1675675896.74193
1675696417.76292
1675755681.77211
1675759612.77554
1675762437.77877
1675851615.80636
1675862944.81377
1676025800.121
1676116342.2165
1676116496.2341
1676116548.2412
1676116645.2625
1676184967.4028
1676190534.4233
1676212771.5320
1676278280.6272
1676281620.6573
1676361977.8963
1676370268.9629
1676452528.12032
1676453844.12198
1676538990.14062
1676541755.14244
1676633226.17153
1676711116.18660
1676712062.18780
1676732438.19629
1676800191.20198
1676800224.20229
1676802522.20320
1676894116.22800
1676896937.22983
1677045781.26549
1677081343.29353
1677137136.29969
1677165765.30947
1677221318.31360
1677223511.31520
1677224500.31628
1677252375.33074
1677335493.34372
1677399278.35187
1677404962.35361
1677657665.41216
1677734980.43163
1677741678.43610
1677750277.44239
1677752821.44435
1677757145.45259
1677769144.45892
1677769354.45971
1677919011.48562
1677935482.49383
1678008832.49862
1678097581.51684
1678253200.55292
1678265726.55795
1678280898.56088
1678524489.62206
1678527761.62340
1678534834.62727
1678539171.63079
1678610255.63879
1678870004.72151
1679119904.80092
1679124580.80364
1679127223.80647
1679132011.82035
1679132658.82089
1679144282.82792
1679731109.102352
1679737121.102475
1680083478.111921
1680156630.114060
1680333230.120036
1680337187.120339
1680342988.120449
1680351874.120979
1680427400.122475
1680429040.122610
1680429157.122761
1680429622.123254
1680763893.134193
1680852028.137771
1680938272.140751
1680961908.142013
1680965133.143246
1680965734.143526
1681279864.150629
1681282097.151086
1681290046.151823
1681295443.152142
1681368499.153532
1681455612.157417
1681455760.157458
1681455775.157487
1681543129.159835
1681553761.160369
1681711457.162136
1682068441.176069
1682160210.178472
1682165744.178731
1682173455.179213
1682402029.183977
1682578681.190030
1682588037.190836
1682745686.195133
1682748596.195402
1682754606.195724
1682761312.196190
1682772401.196645
1682836787.197008
1682917834.198980
1682918577.199106
1682918690.199182
1682924441.199265
1682927163.199334
1682929153.199373
1682929294.199438
1682937810.199544
1682942571.199633
1683028433.201701
1683180012.206474
1683354724.213630
1683356230.213813
1683356718.213991
1683356887.214125
1683357307.214320
1683358775.214472
1683358909.214578
1683359430.214723
1683359564.214764
1683619983.218995
1683635343.219134
1683637714.219197
1683787789.223325
1684045812.231861
1684046418.231929
1684048637.232115
1684049146.232199
1684309270.240794
1684570333.252714
1684649945.254195
1684996076.264143
1685168682.270664
1685270978.272506
1685278470.272589
1685428587.276308
1685433465.276779
1685440839.277247
1685440933.277297
1685511891.278934
1685513724.279018
1685519044.279423
1685786456.288715
1685953715.291876
1685957307.292225
1686043701.295411
1686121780.297515
1686150749.300368
1686151040.300450
1686470112.307378
1686479343.307643
1686551189.308658
1686552663.309017
1686638799.313140
1686725342.317066
1686980499.326606
1686980751.326772
1686980843.326839
1686981255.326975
1686982569.327148
1686984707.327527
1686984878.327765
1686989062.328111
1686989697.328211
1687096220.333771
1687100131.333883
1687240903.337404
1687328672.340006
1687420593.343394
1687444098.344977
1687446213.345093
1687509484.345645
1687589911.347752
1687599090.348076
1687606615.348315
1687677361.348877
1687761831.349774
1688108655.363548
1688111751.363801
1688114551.364245
1688192014.366286
1688192407.366317
1688194190.366390
1688198226.366765
1688198492.366909
1688203509.367653
1688204630.367836
1688207004.367976
1688207093.368017
1688216634.368794
1688216732.368900
1688289534.369846
1688536513.387491
1688538247.388051
1688795119.416331
1688800375.417417
1688888084.423558
1688980300.429504
1689225943.439959
1689315854.443816
1689499460.449052
1689500848.449139
1689837663.457748
1689838910.457810
1689850377.458511
1689851372.458562
1689867796.459748
1689868180.459984
1690006062.462910
1690103423.468540
1690111731.469518
1690613642.493981
1690621973.495572
1690636766.498278
1690871240.506385
1690971444.510979
1691128884.516382
1691221004.519842
1691225975.520117
1691226205.520229
1691229135.520538
1691304399.522211
1691310106.522398
1691385347.524338
1691408763.526715
1691848425.541921
1691994221.491
1692009697.5355
1692010138.5604
1692010510.5756
1692010975.6213
1692011654.6414
1692012537.6893
1692013152.7040
1692013331.7116
1692087064.8999
1692259591.14185
1692264161.14554
1692276281.15809
1692450565.21031
1692776113.36219
1692783397.36949
1692790789.37764
1692796221.38456
1692873550.40823
1692878061.41420
1692940741.42146
1692946307.42383
1693056598.47570
1693112648.47815
1693812254.86129
1693819298.86844
1693820944.86995
1693821231.87026
1693985462.92951
1694001917.94438
1694002122.94491
1694083606.97214
1694264017.103005
1694337780.103540
1694337802.103561
1694411904.104887
1694440259.107605
1694497267.108075
1694507212.108919
1694508963.109123
1694688163.115398
1695020801.6430
1695026402.7141
1697186809.33079
1697189383.33366
1697532078.43937
1697621538.1702
1697622767.1841
1697632940.2713
1697632940.2713
1697692015.3318
1697702203.4033
1697707765.4695
1697710451.5096
1697716420.5819
1697717799.5938
1697778824.6865
1697780952.7048
1697810861.9856
1697814322.10032
1697875116.10489
1697886448.11714
1697967648.13089
1698302607.40483
1698500876.53572
1698642364.5
1698651024.650
1698657194.1527
1698658530.1773
1698663980.2483
1698664492.2554
1698664513.2565
1698664694.2588
1698664710.2599
1698665527.2763
1698665878.2786
1698666584.2920
1698666870.2989
1698674563.3621
1698735806.4156
1698735831.4167
1698738602.4538
1698745049.5310
1698745387.5397
1698747134.5533
1698753128.6125
1698816497.6910
1698829364.8059
1698839273.8734
1698839362.8760
1698842435.9055
1698901323.9637
1698914048.10359
1698919075.10706
1698921520.10921
1698923118.11040
1699004796.13492
1699007612.13753
1699007736.13806
1699008468.14083
1699013218.14753
1699015675.15032
1699021902.15563
1699084419.16729
1699251551.20054
1699261370.20402
1699265027.20585
1699267046.20789
1699285750.21479
1699336233.21899
1699336567.21977
1699338904.22224
1699339554.22260
1699340551.22387
1699342124.22493
1699348307.23187
1699352326.23423
1699353591.23508
1699353831.23544
1699354465.23622
1699355063.23670
1699359696.24233
1699363431.24497
1699424587.25114
1699427068.25372
1699436679.25958
1699450924.27207
1699506821.27521
1699521281.28605
1699605094.30947
1699612527.31589
1699711990.34298
1699771590.34717
1699855222.36096
1699858765.36412
1699860928.36640
1699873093.37694
1699945364.39278
1699961977.40975
1700025362.42331
1700042256.43927
1700122075.46657
1700206626.49810
1700218633.50958
1700288589.52320
1700393636.55736
1700459717.56634
1700565166.66720
1700633457.68988
1700718029.76746
1700902245.91893
1700905727.92086
1700906580.92265
1700906593.92297
1700906669.92485
1700908436.93220
1700912275.93690
1700920322.94013
1700977409.94229
1701065036.96002
1701076987.97167
1701154289.99296
1701155803.99473
1701170931.101146
1701184381.102130
1701268785.104638
1701331767.105788
1701332844.105871
1701339013.106451
1701352273.107793
1701427271.109435
1701428071.109543
1701428684.109638
1701428723.109671
1701675493.116520
1701676501.116620
1701696011.118258
1701759699.119185
1701788250.121729
1701872297.2539
1701874982.2819
1702021288.605
1702113722.3916
1702121202.4659
1702121293.4747
1702138633.5600
1702278603.7347
1702361454.169
1702455012.722
1702458643.1447
1702546980.1859
1702550774.2432
1703052589.699
1703068455.2661
1703071732.3068
1703137465.4349
1703149524.5911
1703156770.6798
1703657675.21760
1703665460.22401
1703677272.23458
1704868500.16336
1705469264.3907
1705479179.5190
1705486649.6089
1705486739.6128
1706086439.239
1707118457.27734
1707201073.30117
1709100148.80167
1709108342.80765
1710393334.113846
1715754918.260535
1716790078.287616
1718276215.333507
1724654537.6112
1724658235.6432
1724664913.7288
