1645096454.54211
1645096581.54251
1645096603.54289
1645174954.56560
1645183310.57310
1645435296.61373
1645435674.61470
1645436794.61833
1645438591.62030
1645445304.62328
1645446798.62462
1645455495.62999
1645455712.63080
1645504234.63274
1645510181.63464
1645513604.63714
1645513638.63736
1645520882.64252
1645524820.64646
1645526673.64833
1645528791.65040
1645546116.66108
1645635474.67272
1645640307.67633
1645714497.72676
1645767796.72716
1645770234.73028
1645788106.73902
1645798667.74741
1645805791.74812
1645856979.74971
1645876429.76257
1645881670.76461
1646020991.77413
1646050360.80047
1646058011.80513
1646058606.80587
1646061914.80849
1646139935.83068
1646201044.83766
1646239337.86897
1646291138.87268
1646378988.90240
1646405073.92358
1646467505.93405
1646477103.94275
1646484805.94977
1646490711.95395
1646544567.95613
1646557992.96216
1646565558.96700
1646571171.97073
1646580124.97298
1646646016.97927
1646648629.98053
1646652710.98157
1646666403.98947
1646737359.99943
1646814365.103833
1646933510.116229
1646997423.121077
1647183156.128247
1647183631.128345
1647259739.133589
1647267520.135439
1647277618.135841
1647304338.136028
1647337758.140230
1647338150.140389
1647347833.142842
1647362205.144590
1647516999.155708
1647525353.157616
1647606017.161119
1647606025.161120
1647679669.164713
1647941054.172014
1647966812.174598
1648114732.180434
1648136939.182474
1648137819.182518
1648181384.183319
1648181500.183440
1648184856.183663
1648208592.186167
1648454742.191226
1648550796.194780
1648572011.195938
1648630701.197291
1648640664.198144
1648743741.202363
1648746489.202439
1648796582.202725
1648807780.203579
1648883150.204620
1648992212.206407
1649059065.207194
1649059089.207218
1649154125.210603
1649155459.210875
1649181213.212015
1649181677.212176
1649348047.217105
1649439129.219638
1649487132.219713
1649497751.220301
1649509977.220611
1649736963.223616
1649750184.224557
1649841455.227564
1649957123.231681
1649999580.231926
1650024174.233684
1650026144.233819
1650090476.234315
1650128938.234932
1650137013.235133
1650269737.237021
1650269764.237069
1650272551.237343
1650347655.239481
1650367952.241571
1650380734.242617
1650448109.244650
1650461467.246288
1650474093.246613
1651214182.266258
1651215819.266403
1651226519.267421
1651236911.268630
1651308716.270019
1651315263.270308
1651317662.270498
1651318167.270722
1651324701.270903
1651335956.271383
1651382963.271464
1651385824.271665
1651387946.271913
1651388179.272034
1651388336.272195
1651388470.272436
1651388565.272518
1651388831.272932
1651389128.274138
1651389129.274139
1651391185.274597
1651393475.274838
1651394555.274959
1651394846.275080
1651395305.275201
1651395716.275819
1651395677.275762
1651397305.276282
1651397728.276403
1651397884.276564
1651398364.276750
1651398316.276685
1651400281.277165
1651401788.277326
1651405687.277694
1651406208.277778
1651412967.279099
1651414690.279340
1651481668.280147
1651483760.280166
1651570878.280771
1651574344.280787
1651592493.281093
1651648355.281506
1651655737.282019
1651655783.282118
1651681122.283416
1651816504.285422
1651908703.286922
1651937176.287576
1652024148.288061
1652077208.288206
1652077537.288252
1652077840.288298
1652078722.288404
1652080203.288480
1652082894.288632
1652084365.288858
1652085123.289054
1652085310.289115
1652086007.289447
1652085533.289161
1652086640.289673
1652087066.289704
1652087214.289735
1652088113.289901
1652088184.289947
1652092037.290086
1652095381.290147
1652095631.290283
1652097521.290329
1652097656.290405
1652097729.290436
1652100346.290455
1652104967.290501
1652105184.290532
1652105959.290593
1652106452.290624
1652107568.290688
1652109779.290704
1652195113.291996
1652196786.292272
1652271741.294408
1652276312.294735
1652285560.294949
1652371092.297762
1652373823.297804
1652434465.299154
1652539985.301799
1652720488.305550
1652781111.307233
1652785588.307625
1652803392.308867
1652886257.311804
1652888004.312307
1652888521.312533
1652888682.312671
1652944757.313210
1652945382.313314
1652946358.313913
1653033069.316816
1653114632.318877
1653125311.319455
1653138672.319924
1653304640.322508
1653380843.323902
1653384375.324216
1653406690.325385
1653406819.325506
1653477647.327256
1653647017.1050
1653911314.4353
1653979441.5277
1654060545.6787
1654060555.6808
1654060564.6829
1654060585.6863
1654060720.6911
1654061167.6956
1654061887.6998
1654258584.12258
1654334601.13289
1654579856.17040
1654587947.17626
1654593006.17976
1654596746.18134
1654687807.20770
1654782042.23777
1654784774.23938
1654863129.25696
1655115169.28210
1655121910.28392
1655134365.28572
1655196354.29714
1655214809.31747
1655277156.32940
1655542526.41906
1655635293.43267
1655638022.43347
1655808833.46981
1655882898.48412
1655969956.50732
1655995084.52582
1656141173.54858
1656155146.55509
1656166681.55854
1656167454.56061
1656251681.56484
1656401070.59350
1656515663.64013
1656589591.66460
1656743343.69672
1656748033.69840
1656753139.69927
1656753395.70236
1656756645.70511
1656757593.70654
1656757671.70715
1656757813.70837
1656824742.71057
1656824890.71118
1656825266.71299
1657095334.77933
1657171370.79740
1657264581.82969
1657277073.83525
1657354267.84487
1657369180.84836
1657371754.85287
1657373726.85515
1657373767.85551
1657374623.86085
1657375135.86139
1657378497.86340
1657452144.87013
1657547388.90101
1657617057.91815
1657625934.92884
1657638508.93652
1657702546.94832
1658126981.103962
1658243083.108385
1658303344.109575
1658319730.110851
1658408314.113686
1658494760.115770
1658566426.116703
1658569883.116812
1658646638.117835
1658849993.123497
1658996798.127522
1659020831.128931
1659170407.131999
1659260260.132753
1659450368.137710
1659450765.137764
1659514733.139025
1659605748.141431
1659614059.142246
1659616744.142537
1659616848.142638
1659768252.145280
1659884432.147083
1660044646.151253
1660117795.152519
1660117816.152620
1660130748.153821
1660217431.156542
1660222752.157128
1660309720.160083
1660393302.161421
1660575738.164754
1660629456.165200
1660721163.168177
1660803973.170641
1660979988.175656
1661063017.176814
1661154621.178230
1661165161.179376
1661181734.180488
1661237343.180968
1661241382.181308
1661332773.185561
1661335435.185826
1661506323.190873
1661525238.192329
1661579130.192497
1661598582.193354
1661604740.193482
1661779529.196549
1661780833.196639
1662019275.202961
1662190744.208149
1662290636.209158
1662368454.210418
1662380164.211281
1662380196.211310
1662390620.212322
1662391969.212370
1662392351.212397
1662471260.214698
1662479952.215364
1662561759.218453
1662564269.218676
1662625440.219481
1662626044.219974
1662703658.221980
1662787782.223808
1662806029.224407
1662816063.224552
1662883535.423
1662883898.500
1662884576.536
1662968232.1367
1662972299.2023
1663399873.14517
1663400721.14569
1663750889.23558
1663773847.24989
1663931975.29552
1663943035.30154
1664113682.31496
1664291530.36184
1664350724.37029
1664430140.39894
1664440749.40751
1664524392.43199
1664550009.45315
1664615559.46490
1664616781.46930
1664619313.47159
1664786399.50972
1664800397.52007
1664867526.53317
1664877817.54458
1664881229.54826
1664885157.55334
1665048152.60490
1665068560.62173
1665309106.67151
1665409401.70244
1665491421.72847
1665564346.74709
1665565793.74831
1665566334.74915
1665568137.75028
1665662051.78579
1665740092.80476
1665741425.80623
1665752090.81924
1665992854.85111
1666088134.89372
1666088354.89403
1666089818.89736
1666172419.1126
1666181377.1923
1666337055.6311
1666514673.9087
1666678521.12410
1666692682.13617
1666710391.15740
1666768519.16291
1666769145.16494
1666769908.16561
1666851010.19420
1666873417.21645
1666948866.23427
1666954892.24103
1666959185.24338
1666967143.24899
1667040789.25696
1667046111.25955
1667223732.30200
1667300648.32565
1667377473.34792
1667460647.37062
1667460982.37169
1667475126.38574
1667483232.39257
1667488651.39574
1667539463.39650
1667541221.39783
1667541286.39883
1667541488.39983
1667541559.40050
1667558226.41562
1667575073.42570
1667625096.42679
1667645052.43336
1668169162.58194
1668178716.59017
1668179921.59138
1668182180.59238
1668229835.59437
1668233942.59788
1668251317.61215
1668251560.61241
1668261696.61548
1668419740.63782
1668425280.64428
1668425653.64481
1668429733.64935
1668432788.65293
1668502405.66743
1668518314.68032
1668518390.68066
1668583147.68914
1668603842.71390
1668843070.76898
1668843329.76962
1668848582.77289
1668854065.77560
1668855671.77852
1668855742.77915
1668866094.78460
1668868036.79125
1668869322.79248
1668939816.439
1669024383.2609
1669110733.1720
1669195695.5048
1669289109.8815
1669458287.13291
1669464879.13637
1669465364.13703
1669467673.13865
1669548630.14986
1669619216.15692
1669633446.17553
1669650558.18832
1669704915.399
1669718742.1891
1669734346.3327
1669790882.3987
1669810572.6187
1669812702.6620
1669880265.8146
1669882541.8323
1669885032.8580
1669885320.8659
1669885363.8801
1669885421.8840
1669900261.10387
1669904654.10869
1669959299.11061
1669966257.11469
1669993742.13378
1670060892.14471
1670061967.14768
1670134948.15660
1670165376.16407
1670165911.16573
1670228003.17777
1670229388.18243
1670234416.18683
1670314062.21207
1670342431.23522
1670342457.23556
1670829436.39028
1670837544.40118
1670845157.40990
1672046563.79463
1672293559.89480
1672298816.90052
1672302313.90689
1672303814.91022
1672304534.91236
1672325447.92447
======================================
1672733337.99411
1672735521.99519
1672747391.99869
1672751475.100159
1672758595.100262
1672758683.100379
1672759363.100467
1672724728.99192
1672749471.99989
1672811551.3
1672816146.185
1672822001.772
1672827654.1179
1672828259.1327
1672845021.1823
1672897297.2167
1672898530.2369
1672906075.2719
1672906128.2754
1672990123.3677
1672991721.3851
1672995004.4657
1672995039.4702
1672995125.4918
1672996044.5331
1673009055.6023
1673014363.6315
1673017425.6359
1673067650.6491
1673068010.6922
1673175371.7681
1673179413.7832
1673262652.9856
1673331623.11185
1673368023.13554
1673435874.15963
1673436233.16031
1673438095.16511
1673439028.16601
1673439684.16734
1673439987.16766
1673501180.17633
1673517828.18922
1673594194.20796
1673594248.20832
1673604712.21709
1673611417.22525
1673689042.24194
1673690280.24832
1673690788.25046
1673691020.25212
1673691129.25353
1673691250.25494
1673693296.25678
1673693613.25856
1673694812.26261
1673696660.26523
1673708604.27231
1673708972.27617
1673776485.28233
1673795369.29291
1673853212.29938
1673854359.30212
1673859390.30948
1673860130.31037
1673862693.31299
1673863057.31378
1673872675.32077
1673881991.33058
1673883923.33173
1673884961.33345
1673890627.33376
1673890946.33827
1673963173.35207
1674019852.35467
1674465658.42825
1674553482.45926
1674574605.47524
1674628542.47925
1674638254.49091
1674639281.49172
1674722880.51930
1674806443.54200
1674808150.54313
1674812691.54619
1674832744.55939
1675065300.58658
1675074298.59082
1675089754.60357
1675141381.60697
1675159039.61823
1675159532.61880
1675243800.64196
1675324063.66582
1675415182.69878
1675437647.71370
1675439205.71449
1675491172.71526
1675514778.72080
1675517014.72199
1675579493.72358
1675588932.72596
1675675896.74193
1675696417.76292
1675755681.77211
1675759612.77554
1675762437.77877
1675851615.80636
1675862944.81377
1676025800.121
1676116342.2165
1676116496.2341
1676116548.2412
1676116645.2625
1676184967.4028
1676190534.4233
1676212771.5320
1676278280.6272
1676281620.6573
1676361977.8963
1676370268.9629
1676452528.12032
1676453844.12198
1676538990.14062
1676541755.14244
1676633226.17153
1676711116.18660
1676712062.18780
1676732438.19629
1676800191.20198
1676800224.20229
1676802522.20320
1676894116.22800
1676896937.22983
1677045781.26549
1677081343.29353
1677137136.29969
1677165765.30947
1677221318.31360
1677223511.31520
1677224500.31628
1677252375.33074
1677335493.34372
1677399278.35187
1677404962.35361
1677657665.41216
1677734980.43163
1677741678.43610
1677750277.44239
1677752821.44435
1677757145.45259
1677769144.45892
1677769354.45971
1677919011.48562
1677935482.49383
1678008832.49862
1678097581.51684
1678253200.55292
1678265726.55795
1678280898.56088
1678524489.62206
1678527761.62340
1678534834.62727
1678539171.63079
1678610255.63879
1678870004.72151
1679119904.80092
1679124580.80364
1679127223.80647
1679132011.82035
1679132658.82089
1679144282.82792
1679731109.102352
1679737121.102475
1680083478.111921
1680156630.114060
1680333230.120036
1680337187.120339
1680342988.120449
1680351874.120979
1680427400.122475
1680429040.122610
1680429157.122761
1680429622.123254
1680763893.134193
1680852028.137771
1680938272.140751
1680961908.142013
1680965133.143246
1680965734.143526
1681279864.150629
1681282097.151086
1681290046.151823
1681295443.152142
1681368499.153532
1681455612.157417
1681455760.157458
1681455775.157487
1681543129.159835
1681553761.160369
1681711457.162136
1682068441.176069
1682160210.178472
1682165744.178731
1682173455.179213
1682402029.183977
1682578681.190030
1682588037.190836
1682745686.195133
1682748596.195402
1682754606.195724
1682761312.196190
1682772401.196645
1682836787.197008
1682917834.198980
1682918577.199106
1682918690.199182
1682924441.199265
1682927163.199334
1682929153.199373
1682929294.199438
1682937810.199544
1682942571.199633
1683028433.201701
1683180012.206474
1683354724.213630
1683356230.213813
1683356718.213991
1683356887.214125
1683357307.214320
1683358775.214472
1683358909.214578
1683359430.214723
1683359564.214764
1683619983.218995
1683635343.219134
1683637714.219197
1683787789.223325
1684045812.231861
1684046418.231929
1684048637.232115
1684049146.232199
1684309270.240794
1684570333.252714
1684649945.254195
1684996076.264143
1685168682.270664
1685270978.272506
1685278470.272589
1685428587.276308
1685433465.276779
1685440839.277247
1685440933.277297
1685511891.278934
1685513724.279018
1685519044.279423
1685786456.288715
1685953715.291876
1685957307.292225
1686043701.295411
1686121780.297515
1686150749.300368
1686151040.300450
1686470112.307378
1686479343.307643
1686551189.308658
1686552663.309017
1686638799.313140
1686725342.317066
1686980499.326606
1686980751.326772
1686980843.326839
1686981255.326975
1686982569.327148
1686984707.327527
1686984878.327765
1686989062.328111
1686989697.328211
1687096220.333771
1687100131.333883
1687240903.337404
1687328672.340006
1687420593.343394
1687444098.344977
1687446213.345093
1687509484.345645
1687589911.347752
1687599090.348076
1687606615.348315
1687677361.348877
1687761831.349774
1688108655.363548
1688111751.363801
1688114551.364245
1688192014.366286
1688192407.366317
1688194190.366390
1688198226.366765
1688198492.366909
1688203509.367653
1688204630.367836
1688207004.367976
1688207093.368017
1688216634.368794
1688216732.368900
1688289534.369846
1688536513.387491
1688538247.388051
1688795119.416331
1688800375.417417
1688888084.423558
1688980300.429504
1689225943.439959
1689315854.443816
1689499460.449052
1689500848.449139
1689837663.457748
1689838910.457810
1689850377.458511
1689851372.458562
1689867796.459748
1689868180.459984
1690006062.462910
1690103423.468540
1690111731.469518
1690613642.493981
1690621973.495572
1690636766.498278
1690871240.506385
1690971444.510979
1691128884.516382
1691221004.519842
1691225975.520117
1691226205.520229
1691229135.520538
1691304399.522211
1691310106.522398
1691385347.524338
1691408763.526715
1691848425.541921
1691994221.491
1692009697.5355
1692010138.5604
1692010510.5756
1692010975.6213
1692011654.6414
1692012537.6893
1692013152.7040
1692013331.7116
1692087064.8999
1692259591.14185
1692264161.14554
1692276281.15809
1692450565.21031
1692776113.36219
1692783397.36949
1692790789.37764
1692796221.38456
1692873550.40823
1692878061.41420
1692940741.42146
1692946307.42383
1693056598.47570
1693112648.47815
1693812254.86129
1693819298.86844
1693820944.86995
1693821231.87026
1693985462.92951
1694001917.94438
1694002122.94491
1694083606.97214
1694264017.103005
1694337780.103540
1694337802.103561
1694411904.104887
1694440259.107605
1694497267.108075
1694507212.108919
1694508963.109123
1694688163.115398
1695020801.6430
1695026402.7141
1697186809.33079
1697189383.33366
1697532078.43937
1697621538.1702
1697622767.1841
1697632940.2713
1697632940.2713
1697692015.3318
1697702203.4033
1697707765.4695
1697710451.5096
1697716420.5819
1697717799.5938
1697778824.6865
1697780952.7048
1697810861.9856
1697814322.10032
1697875116.10489
1697886448.11714
1697967648.13089
1698302607.40483
1698500876.53572
1698642364.5
1698651024.650
1698657194.1527
1698658530.1773
1698663980.2483
1698664492.2554
1698664513.2565
1698664694.2588
1698664710.2599
1698665527.2763
1698665878.2786
1698666584.2920
1698666870.2989
1698674563.3621
1698735806.4156
1698735831.4167
1698738602.4538
1698745049.5310
1698745387.5397
1698747134.5533
1698753128.6125
1698816497.6910
1698829364.8059
1698839273.8734
1698839362.8760
1698842435.9055
1698901323.9637
1698914048.10359
1698919075.10706
1698921520.10921
1698923118.11040
1699004796.13492
1699007612.13753
1699007736.13806
1699008468.14083
1699013218.14753
1699015675.15032
1699021902.15563
1699084419.16729
1699251551.20054
1699261370.20402
1699265027.20585
1699267046.20789
1699285750.21479
1699336233.21899
1699336567.21977
1699338904.22224
1699339554.22260
1699340551.22387
1699342124.22493
1699348307.23187
1699352326.23423
1699353591.23508
1699353831.23544
1699354465.23622
1699355063.23670
1699359696.24233
1699363431.24497
1699424587.25114
1699427068.25372
1699436679.25958
1699450924.27207
1699506821.27521
1699521281.28605
1699605094.30947
1699612527.31589
1699711990.34298
1699771590.34717
1699855222.36096
1699858765.36412
1699860928.36640
1699873093.37694
1699945364.39278
1699961977.40975
1700025362.42331
1700042256.43927
1700122075.46657
1700206626.49810
1700218633.50958
1700288589.52320
1700393636.55736
1700459717.56634
1700565166.66720
1700633457.68988
1700718029.76746
1700902245.91893
1700905727.92086
1700906580.92265
1700906593.92297
1700906669.92485
1700908436.93220
1700912275.93690
1700920322.94013
1700977409.94229
1701065036.96002
1701076987.97167
1701154289.99296
1701155803.99473
1701170931.101146
1701184381.102130
1701268785.104638
1701331767.105788
1701332844.105871
1701339013.106451
1701352273.107793
1701427271.109435
1701428071.109543
1701428684.109638
1701428723.109671
1701675493.116520
1701676501.116620
1701696011.118258
1701759699.119185
1701788250.121729
1701872297.2539
1701874982.2819
1702021288.605
1702113722.3916
1702121202.4659
1702121293.4747
1702138633.5600
1702278603.7347
1702361454.169
1702455012.722
1702458643.1447
1702546980.1859
1702550774.2432
1702559780.3859
1702627561.6307
1702654854.1264
1702875698.4096
1702886469.1120
1702974928.7442
1702980387.8307
1703052589.699
1703068455.2661
1703071732.3068
1703071885.3105
1703137465.4349
1703149524.5911
1703156770.6798
1703171186.8027
1703222910.8266
1703255184.11125
1703333936.12651
1703487680.15116
1703491409.15358
1703508792.16835
1703509652.16901
1703512360.17095
1703571668.18213
1703572906.18387
1703591302.20569
1703594861.20947
1703657675.21760
1703665460.22401
1703677272.23458
1703681278.23750
1703686503.24075
1703751378.24820
1703758053.25304
1703833950.26896
1703844401.27798
1703844728.27837
1703856945.29449
1703857465.29537
1703858601.29598
1704016679.1926
1704022047.1957
1704022973.3003
1704024598.3169
1704025412.3280
1704028667.3611
1704028824.3777
1704029033.4163
1704030343.4274
1704030369.4285
1704109669.4402
1704116015.4459
1704118097.4560
1704120953.4726
1704176340.4786
1704178516.4891
1704259839.6
1704261461.418
1704265951.561
1704266022.603
1704279354.1330
1704294884.1783
1704294998.2000
1704352949.2374
1704353351.2467
1704357986.2584
1704358383.2683
1704359976.2923
1704360035.2970
1704364323.3162
1704448602.4470
1704459658.4947
1704467235.5339
1704526997.5968
1704607483.7096
1704607918.7324
1704608585.7435
1704609281.7770
1704609656.8101
1704610061.8762
1704610198.9060
1704610644.9361
1704611537.9857
1704612283.10298
1704618163.10527
1704691515.10754
1704691718.11019
1704700164.11607
1704701940.11972
1704703830.12191
1704814534.16051
1704868500.16336
1704990970.21420
1705058917.23208
1705061311.23302
1705303229.2872
1705306447.3246
1705401817.1940
1705411351.3364
1705412861.3515
1705416102.3690
1705469264.3907
1705479179.5190
1705486649.6089
1705486739.6128
1705492431.7152
1705493923.7407
1705502881.8326
1705505357.8447
1705506098.8524
1705566299.9456
1705572932.9866
1705583995.11110
1705585408.11170
1705656615.12726
1705657192.12876
1705660813.13277
1705662129.13363
1705669387.13942
1705675033.14362
1705675646.14388
1705912763.18959
1705934041.20671
1706006652.22485
1706010443.22810
1706086439.239
1706163353.219
1706172212.1245
1706177275.1633
1706365575.7621
1706428192.8131
1706518262.10238
1706529989.11308
1706601834.12902
1706606778.13532
1706609506.13750
1706686598.15954
1706686820.16015
1706709624.18283
1707027146.25930
1707028321.26049
1707118457.27734
1707122148.28212
1707128283.28907
1707201073.30117
1707207657.30671
1707216038.31550
1707225400.32517
1707305393.34853
1707306485.34946
1707547502.40047
1707566163.41156
1707580799.42034
1707720971.43225
1707738515.44935
1707739269.45033
1707741220.45204
1707808551.46524
1707818176.47509
1707824143.48127
1707911725.51250
1707916332.51843
1707918963.52076
1708065456.56177
1708255857.61483
1708349017.64323
1708353447.64494
1708354950.64531
1708411837.64981
1708521421.69300
1708599456.71314
1708608246.71861
1708665081.72224
1708665279.72300
1708687803.72852
1708692379.72972
1708693524.73001
1708927426.75310
1709100148.80167
1709108342.80765
1709116991.81332
1709129984.82192
1709287028.85781
1709293142.86132
1709359722.86714
1709641584.94379
1709707592.96157
1709880163.100758
1709891625.100965
1710327777.112321
1710332241.112654
1710336471.113160
1710393334.113846
1710413123.115366
1710421604.116161
1710424885.116336
1710516141.119223
1710593973.120700
1710753423.123373
1710755518.123665
1710759781.124030
1710842193.126368
1710853415.127400
1710920819.128926
1711021219.132116
1711119208.134932
1711366039.138683
1711379928.139304
1711436139.139886
1711533207.143442
1711536699.143588
1711537832.143713
1711553915.144589
1711610300.145111
1711698028.147450
1711709370.148183
1711951688.152180
1711961219.153046
1711974322.154022
1711975859.154108
1712042894.155182
1712057079.156173
1712064577.156573
1712066345.156655
1712138847.158243
1712216741.160572
1712231885.162129
1712232037.162131
1712235206.162597
1712328514.166353
1712328564.166379
1712470169.168517
1712484607.169043
1712562040.170406
1712562067.170432
1712732214.176089
1712733023.176291
1712832653.180860
1712907212.182815
1713011217.186860
1713011930.186973
1713162690.189431
1713162913.189464
1713174244.190434
1713257031.192812
1713257058.192838
1713282206.194486
1713282252.194527
1713282280.194568
1713343845.195555
1713357863.196729
1713423465.197798
1713521204.201379
1713611533.203579
1713617139.203839
1713622539.204036
1713785486.206916
1713800467.207676
1713800597.207797
1713868986.209790
1713950380.211678
1714027627.213644
1714035489.214292
1714045091.214947
1714136853.218149
1714140381.218412
1714213309.221285
1714289470.224053
1714373188.225239
1714379965.225390
1714380023.225426
1714382362.225801
1714389667.226049
1714395043.226294
1714395506.226368
1714398824.226524
1714403776.226904
1714403865.227070
1714404131.227181
1714457711.227320
1714457967.227731
1714458568.227845
1714458655.227946
1714458762.228022
1714489737.229273
1714491269.229659
1714561369.229882
1714562938.229994
1714563087.230147
1714567159.230212
1714637700.231404
1714647004.232163
1714653019.232856
1714722606.234539
1714725097.234915
1714748287.237097
1714822574.238667
1714988623.241211
1715000753.242041
1715091707.245526
1715165229.247526
1715165250.247571
1715183066.249267
1715233384.249419
1715333536.250171
1715343423.250360
1715350227.250524
1715353486.250781
1715353549.250837
1715354066.250893
1715422723.252703
1715422886.252784
1715427773.253154
1715430015.253343
1715588910.255689
1715589356.255762
1715590973.255936
1715591884.255963
1715592797.256069
1715688050.259437
1715754918.260535
1715772937.261990
1715778728.262344
1715785765.262615
1715786159.262696
1715924982.265051
1715946309.266634
1716019412.267841
1716106635.269703
1716107777.269776
1716112245.270130
1716187636.271215
1716192030.271482
1716192945.271585
1716193857.271641
1716194777.271763
1716206123.272645
1716217506.273394
1716273765.273681
1716286529.274531
1716357443.275905
1716364451.276504
1716450969.279572
1716529974.281631
1716541740.282433
1716541881.282463
1716542656.282545
1716542793.282571
1716543565.282652
1716543704.282698
1716544478.282827
1716714838.286282
1716732377.287274
1716790078.287616
1716880828.292994
1716907911.294915
1716960324.295339
1716977481.296690
1717064490.299902
1717145609.302974
1717152197.303491
1717312109.305942
1717496060.310582
1717505773.311430
1717599598.314809
1717684849.317976
1717752382.319491
1717830583.321685
1718024177.326238
1718088463.327381
1718175867.329856
1718182697.330561
1718182833.330664
1718185041.330771
1718186255.330912
1718187164.331084
1718206363.331493
1718206456.331606
1718276215.333507
1718286977.334212
1718379259.336882
1718621267.341394
1718625508.341820
1718715773.344719
1718785033.463
1718788002.717
1718804351.1927
1718807547.2129
1718807586.2155
1718807627.2181
1718807661.2207
1718807697.2233
1718807737.2259
1718807768.2285
1718807799.2311
1718807830.2337
1718984345.7452
1719034006.7621
1719042691.7986
1719042766.8087
1719120211.9161
1719121408.9336
1719391668.2604
1719410783.4282
1719415410.4563
1719502682.7494
1719552181.7692
1719553901.7860
1719562077.8617
1719589109.10111
1719639452.10421
1719645288.10838
1719658142.11285
1719668166.11799
1719726902.12035
1719817800.13431
1719844311.15242
1719992660.19554
1720084506.1908
1720096696.2872
1720171161.4653
1720176979.5305
1720181242.5929
1720181478.5963
1720256603.7484
1720263077.8146
1720272715.9073
1720342405.10063
1720441293.12559
1720514905.14768
1720705147.23212
1720716702.23574
1720716817.23605
1720771955.24458
1720867902.27900
1720868047.28176
1720868520.28673
1720868410.28452
1720869117.29247
1720871254.30403
1720872214.30547
1720872559.30691
1720872719.30857
1720873200.31023
1720873340.31244
1720874828.31303
1720874968.31634
1720875773.31855
1720877955.32131
1720879101.32182
1720880124.32568
1721110545.36153
1721127181.37245
1721141905.38780
1721208380.40443
1721214305.40957
1721229916.42106
1721279390.42280
1721457783.48890
1721483448.50940
1721538714.51223
1721545409.51358
1721553130.52217
1721625993.53573
1721640315.54695
1721643076.54983
1721644627.55101
1721645119.55169
1721723169.57644
1721727681.58310
1722079479.68589
1722080950.68618
1722247368.1409
1722249218.1555
1722404046.6077
1722417996.6903
1722594776.12908
1722673241.14356
1722764507.15893
1722836836.16408
1722840651.16677
1723038335.24376
1723040825.24500
1723097355.24980
1723101053.25203
1723194699.28239
1723291873.30473
1723623386.36278
1723636439.37161
1723707132.38246
1723791271.40190
1723805182.41228
1723805713.41321
1723895200.42839
1724073327.45491
1724154938.47596
1724161719.47998
1724222169.48882
1724326428.52459
1724326437.52485
1724326530.52511
1724326595.52634
1724326610.52681
1724413567.2065
1724413768.2089
1724413850.2112
1724484078.3404
1724485597.3546
1724653219.6021
1724654537.6112
1724658235.6432
1724664913.7288
1724748628.9687
1724850720.13144
1724910671.13747
1724944560.16416
1725018717.18118
1725020290.18224
1725084106.18646
1725346719.23930
1725437089.26065
1725437229.26148
1725521519.28239
1725526123.28636
1725528796.28862
1725686283.31938
1725705661.32981
1725777945.33858
1725780110.34024
1726034362.39286
1726126289.41449
1726139540.42174
1726145248.42749
1726239918.44823
1726295238.45168
1726309504.45787
1726320460.46358
1726381202.46628
1726425646.47487
1726491212.49822
1726499294.50217
1726568059.51903
